Результаты испытаний прораммы по угадыванию числа
50 серий по 1000 испытаний

Схема 1 - 1
Список результатов [49.158, 50.338, 49.074, 50.829, 48.802, 49.393, 50.189, 51.193, 49.598, 49.36, 49.134, 51.079, 49.88, 49.305, 50.316, 50.71, 51.315, 50.551, 50.642, 49.128, 49.549, 51.094, 49.599, 49.092, 50.123, 50.173, 49.995, 49.216, 49.043, 49.677, 50.897, 48.806, 48.984, 50.433, 50.254, 50.784, 48.458, 50.082, 50.677, 49.609, 50.118, 48.527, 50.657, 52.032, 50.344, 50.368, 47.869, 50.606, 49.394, 47.417]
Среднее по сериям 49.877419999999994. Мин среднее 47.417. Макс среднее 52.032

Схема 1 - 2
Список результатов [50.377, 49.307, 48.618, 48.316, 47.9, 48.89, 49.509, 50.157, 47.934, 49.509, 49.571, 48.276, 48.9, 50.263, 49.559, 47.221, 48.767, 49.124, 49.963, 48.983, 50.547, 48.396, 49.048, 49.243, 45.853, 49.114, 48.227, 49.198, 47.465, 48.256, 47.94, 48.164, 48.599, 48.596, 48.513, 48.836, 48.983, 49.457, 49.821, 48.691, 48.553, 50.062, 49.627, 46.33, 48.824, 50.059, 51.099, 48.617, 49.339, 49.041]
Среднее по сериям 48.91284. Мин среднее 45.853. Макс среднее 51.099

Вывод. Предположительно функция рандома работает не равномерно, имея вероятность большую к середине интервала



Схема 2 - 1
Список результатов [5.841, 5.775, 5.787, 5.782, 5.74, 5.821, 5.711, 5.809, 5.745, 5.768, 5.826, 5.788, 5.861, 5.76, 5.781, 5.785, 5.763, 5.697, 5.836, 5.722, 5.785, 5.834, 5.781, 5.735, 5.784, 5.744, 5.853, 5.737, 5.793, 5.803, 5.781, 5.737, 5.763, 5.806, 5.737, 5.761, 5.78, 5.734, 5.784, 5.783, 5.696, 5.841, 5.764, 5.834, 5.81, 5.786, 5.755, 5.794, 5.836, 5.803]
Среднее по сериям 5.780640000000001. Мин среднее 5.696. Макс среднее 5.861

Схема 2 - 2
Список результатов [6.58, 6.617, 6.659, 6.618, 6.652, 6.5, 6.669, 6.598, 6.558, 6.555, 6.678, 6.551, 6.524, 6.536, 6.597, 6.578, 6.582, 6.516, 6.604, 6.511, 6.595, 6.64, 6.544, 6.601, 6.685, 6.662, 6.634, 6.602, 6.479, 6.713, 6.638, 6.767, 6.857, 6.61, 6.581, 6.599, 6.558, 6.485, 6.601, 6.584, 6.56, 6.712, 6.669,
6.621, 6.64, 6.606, 6.675, 6.553, 6.529, 6.6]
Среднее по сериям 6.60566. Мин среднее 6.479. Макс среднее 6.857

Вывод. Предположительно новое разбиение интервала пополам является оптимальным